43,2
48,2
43,4
45,4
48,1
48,3
43,5
45,1
45,3
43,1
43,3
46,1
46,3
0,273
0,270
49,1
49,3
10,290
10,146
10,278
10,26
10,196
10,72
10,122
10,142
11,8
11,14
11,26
11,18
11,6
11,16
9,4
9,6
8,9
8,17
26,3
26,1
21,3
21,2
21,1
21,0
20,3
20,2
20,1
19,2
19,3
19,1
12,3
12,2
12,1
11,21
11,19
11,15
11,12
11,11
11,7
11,3
11,2
11,1
10,285
10,217
10,163
10,133
10,125
18,1
18,3
10,123
10,29
10,5
10,3
10,2
10,1
9,7
9,5
9,3
9,2
9,1
8,16
8,15
8,14
8,12
8,8
8,7
8,6
8,4
8,3
8,2
8,1
7,13
7,12
7,11
2,2
7,10
7,9
2,1
2,3
7,8
7,7
7,6
7,5
7,4
7,1
6,7
6,6
6,5
6,4
6,1
4,88
4,87
4,86
4,85
4,84
4,83
